mu = 2.0, b = 3.0, max_n = 40, CL = 0.9

P_1_list:
0.00674, 0.03369, 0.08422, 0.14037, 0.17547, 0.17547, 0.14622, 0.10444, 0.06528, 0.03627, 0.01813, 0.00824, 0.00343, 0.00132, 0.00047, 0.00016, 0.00005, 0.00001, 0.00000, 0.00000, 0.00000, 0.00000, 0.00000, 0.00000, 0.00000, 0.00000, 0.00000, 0.00000, 0.00000, 0.00000, 0.00000, 0.00000, 0.00000, 0.00000, 0.00000, 0.00000, 0.00000, 0.00000, 0.00000, 0.00000

P_2_list:
0.04979, 0.14936, 0.22404, 0.22404, 0.19537, 0.17547, 0.16062, 0.14900, 0.13959, 0.13176, 0.12511, 0.11938, 0.11437, 0.10994, 0.10599, 0.10244, 0.09922, 0.09628, 0.09360, 0.09112, 0.08884, 0.08671, 0.08473, 0.08288, 0.08115, 0.07952, 0.07799, 0.07654, 0.07517, 0.07387, 0.07263, 0.07146, 0.07034, 0.06927, 0.06825, 0.06727, 0.06634, 0.06544, 0.06458, 0.06375

Profile_likelihood_ratio:
0.13534, 0.22556, 0.37593, 0.62655, 0.89814, 1.00000, 0.91035, 0.70096, 0.46765, 0.27525, 0.14493, 0.06904, 0.03003, 0.01201, 0.00445, 0.00154, 0.00050, 0.00015, 0.00004, 0.00001, 0.00000, 0.00000, 0.00000, 0.00000, 0.00000, 0.00000, 0.00000, 0.00000, 0.00000, 0.00000, 0.00000, 0.00000, 0.00000, 0.00000, 0.00000, 0.00000, 0.00000, 0.00000, 0.00000, 0.00000

Sorted indices (by descending PLR):
5, 6, 4, 7, 3, 8, 2, 9, 1, 10, 0, 11, 12, 13, 14, 15, 16, 17, 18, 19, 20, 21, 22, 23, 24, 25, 26, 27, 28, 29, 30, 31, 32, 33, 34, 35, 36, 37, 38, 39

Sorted P_1 probabilities:
0.17547, 0.14622, 0.17547, 0.10444, 0.14037, 0.06528, 0.08422, 0.03627, 0.03369, 0.01813, 0.00674, 0.00824, 0.00343, 0.00132, 0.00047, 0.00016, 0.00005, 0.00001, 0.00000, 0.00000, 0.00000, 0.00000, 0.00000, 0.00000, 0.00000, 0.00000, 0.00000, 0.00000, 0.00000, 0.00000, 0.00000, 0.00000, 0.00000, 0.00000, 0.00000, 0.00000, 0.00000, 0.00000, 0.00000, 0.00000

Cumulative sum of sorted P_1:
0.17547, 0.32169, 0.49716, 0.60160, 0.74198, 0.80725, 0.89148, 0.92774, 0.96143, 0.97957, 0.98630, 0.99455, 0.99798, 0.99930, 0.99977, 0.99993, 0.99998, 0.99999, 1.00000, 1.00000, 1.00000, 1.00000, 1.00000, 1.00000, 1.00000, 1.00000, 1.00000, 1.00000, 1.00000, 1.00000, 1.00000, 1.00000, 1.00000, 1.00000, 1.00000, 1.00000, 1.00000, 1.00000, 1.00000, 1.00000

Last index (cutoff to reach CL): 6
Accepted n values: [5, 6, 4, 7, 3, 8, 2]
n_min = 2, n_max = 8
